1	0	0	92.787	0.068	127.827	0.081	109.558	0.060	18.461	1.001	40.153	1.012	29.247	1.025	0.2118547181491444	0.0006728357093606089
2	0	0	92.788	0.067	127.827	0.081	109.557	0.060	48.451	1.005	70.169	1.006	59.244	1.011	0.2118454063619111	0.0006654848129463546
3	0	0	92.786	0.068	127.827	0.080	109.558	0.060	78.452	1.004	100.170	1.011	89.266	1.014	0.2118506936107183	0.0006708069574634374
4	0	0	92.786	0.069	127.827	0.082	115.769	2.390	108.463	1.008	130.146	1.014	110.296	0.691	0.026828211750294786	0.00957166066573406
5	0	0	92.787	0.068	127.828	0.081	109.558	0.061	288.461	1.020	310.154	1.017	299.274	1.011	0.2118494576868076	0.0006670527091298971
6	0	0	92.787	0.067	127.827	0.081	109.557	0.060	318.444	1.005	340.172	1.011	329.271	1.006	0.2118477848039196	0.0006685758311900012
7	0	0	59.605	0.078	90.614	0.082	75.565	0.072	19.428	1.045	37.422	1.046	28.406	1.047	0.16131279583112212	0.0004314701091242239
8	0	0	59.606	0.079	90.612	0.082	75.565	0.072	49.431	1.029	67.400	1.034	58.371	1.039	0.16132458590440418	0.0004374466458743594
9	0	0	59.604	0.079	90.615	0.082	75.563	0.072	79.431	1.032	97.389	1.039	88.387	1.032	0.16131703792470142	0.00043133634634124387
10	0	0	59.607	0.079	90.615	0.081	NaN	NaN	109.436	1.041	127.413	1.045	NaN	NaN	0.010555672137050352	0.0073201321087156945
11	0	0	59.607	0.080	90.615	0.083	75.564	0.072	289.424	1.056	307.395	1.054	298.357	1.035	0.16131869768169846	0.0004317033283462303
12	0	0	59.605	0.079	90.615	0.082	75.565	0.072	319.433	1.023	337.395	1.030	328.374	1.040	0.16132049377548258	0.00043152723074664934
13	0	0	13.499	0.076	34.012	0.090	25.409	0.080	37.232	1.016	82.772	1.004	59.997	1.020	0.10563301066036085	0.0003735783264519688
14	0	0	12.685	0.183	33.751	0.167	24.927	0.170	36.348	1.064	83.662	1.061	59.993	1.013	0.111509294641415	0.0009850709403798473
15	0	0	13.500	0.074	34.014	0.089	24.668	0.106	97.240	0.996	142.763	1.014	117.793	0.790	0.0931409838794277	0.0015738753537848688
16	0	0	12.685	0.181	33.754	0.167	24.169	0.177	96.348	1.061	143.653	1.072	117.718	0.799	0.09848430824156008	0.0018374073214112536
17	0	0	13.500	0.074	34.014	0.089	17.001	0.071	157.222	1.024	202.770	1.013	180.007	1.145	0.022334012117407858	0.00020148022149998773
18	0	0	12.685	0.181	33.750	0.167	16.618	0.103	156.350	1.061	203.658	1.079	180.021	1.358	0.025471213571603903	0.0011602355511998504
19	0	0	13.501	0.074	34.013	0.089	24.667	0.108	217.228	1.000	262.789	1.020	242.207	0.796	0.09316205685123653	0.0015845951679447092
20	0	0	12.687	0.180	33.750	0.167	24.168	0.178	216.359	1.058	263.653	1.066	242.275	0.788	0.09849651855847187	0.001846542790210719
21	0	0	13.500	0.075	34.012	0.089	25.409	0.080	277.229	1.008	322.773	1.019	299.996	1.007	0.10562786210949474	0.00037471012161136556
22	0	0	12.686	0.181	33.749	0.167	24.928	0.169	276.360	1.072	323.638	1.070	300.008	1.010	0.11152650676705048	0.000975491846634388
